71 56 28 86 13 95 10 93 93 47 63 57 80 86 93 79 45 42 23 5 3 79 33 41 3 42 47 5 4 53 0 64 34 30 52 19 75 65 15 72 38 35 40 52 28 85 83 36 7 60 67 66 60 90 58 23 64 5 48 74 9 5 82 81 10 6 7 29 18 74 23 16 10 30 98 5 10 30 86 43 3 36 60 65 27 52 39 49 47 24 18 95 65 17 8 12 33 6 76 49
34 68 92 65 37 70 23 99 3 38 73 51 60 75 80 84 36 17 2 93 52 77 79 4 46 89 57 6 51 3 24 26 24 28 24 70 83 98 87 71 84 28 0 86 67 68 38 40 45 17 17 45 36 8 45 14 34 70 67 38 56 58 89 89 67 26 29 20 50 19 49 74 68 12 62 48 80 32 32 7 52 50 38 15 43 29 44 3 67 1 50 50 11 88 31 48 91 65 45 75
14 56 57 35 69 91 34 7 95 94 7 22 68 44 31 68 67 34 73 18 71 0 37 40 27 42 87 16 3 23 14 70 97 54 45 30 37 20 25 98 16 5 14 20 72 51 61 38 52 86 62 28 3 87 47 31 99 30 54 10 54 0 61 94 22 24 43 78 13 54 67 4 44 74 20 54 11 87 32 69 54 89 19 52 24 29 99 96 97 6 88 12 11 42 39 45 60 88 10 46
10 98 11 65 68 2 99 10 65 97 84 36 67 97 63 80 87 76 37 85 2 34 1 76 60 2 56 98 87 19 24 13 77 1 81 68 33 31 7 29 21 24 32 6 23 2 46 22 76 67 89 35 71 67 48 60 91 96 76 32 21 53 9 2 78 12 1 11 55 16 74 16 23 77 26 50 85 4 29 99 51 72 63 63 86 87 9 9 55 71 56 60 22 6 36 84 67 3 10 94
46 80 7 2 10 7 87 42 33 71 78 55 85 26 14 96 9 16 43 26 68 37 39 96 56 41 32 1 69 33 37 98 90 25 98 40 16 3 69 62 30 4 54 88 59 47 26 1 24 24 41 99 10 80 82 6 69 45 33 93 71 8 89 79 93 53 30 50 29 61 7 88 94 89 22 84 23 32 23 0 49 87 9 25 39 99 87 15 63 93 55 59 0 86 29 60 68 95 17 61
41 64 8 0 2 36 32 24 51 68 37 20 29 78 16 34 42 15 68 9 48 46 55 62 92 3 15 97 42 68 18 48 88 49 70 40 55 12 17 6 76 53 34 59 4 57 42 54 59 96 52 2 8 72 91 93 26 3 85 99 86 0 96 97 93 78 6 42 87 66 19 11 75 90 5 2 57 48 37 97 27 34 71 51 21 42 73 49 53 60 74 73 85 59 66 60 38 98 90 26
28 95 62 87 0 67 25 96 89 37 63 54 92 81 47 46 3 68 78 88 91 90 99 1 20 53 72 31 53 91 80 26 26 61 60 77 29 41 36 47 82 31 82 68 53 28 2 66 62 6 99 21 32 22 84 85 84 17 95 93 70 32 6 2 0 70 30 34 30 64 12 62 92 95 24 61 76 95 82 91 55 46 60 20 35 76 47 68 24 76 77 38 71 94 60 80 64 92 85 44
12 27 90 43 16 88 76 21 96 97 72 80 97 99 76 11 79 55 20 67 80 51 40 71 96 78 10 0 22 69 99 58 35 13 63 11 17 98 50 55 83 92 28 47 92 1 68 46 7 12 28 81 41 93 20 78 71 12 14 35 53 12 4 16 55 7 68 99 68 54 42 97 3 37 97 55 38 22 39 40 73 26 36 51 94 5 51 29 52 26 35 5 40 35 88 4 64 50 75 86
77 40 69 66 72 14 3 70 39 20 11 57 11 22 85 58 19 46 72 27 67 59 44 14 85 36 11 39 87 99 83 61 81 1 46 51 38 46 12 63 89 10 59 11 41 65 1 18 56 30 73 44 85 4 95 19 94 52 1 99 50 46 55 3 41 18 6 34 81 83 84 39 47 51 70 0 58 59 30 26 20 84 42 6 62 49 45 97 99 83 60 68 35 4 95 16 76 13 34 55
54 52 80 50 13 0 6 84 91 56 60 16 55 83 93 78 96 55 25 40 72 93 81 59 57 44 49 24 95 70 28 75 15 90 42 48 56 23 61 77 15 65 97 95 12 35 31 67 75 96 76 87 51 23 81 56 68 43 11 46 37 81 91 40 65 73 71 5 62 85 88 36 82 28 29 36 70 93 97 8 55 50 80 20 61 97 83 90 7 49 54 95 4 38 90 60 35 91 60 3
54 99 91 36 75 74 83 64 41 96 46 9 46 20 19 64 68 74 5 78 11 69 44 4 90 22 64 40 10 7 78 14 5 46 18 90 44 43 56 61 92 51 49 92 43 71 11 72 92 52 44 28 38 0 73 78 55 40 96 61 85 69 34 66 42 89 95 34 48 80 99 61 53 17 18 83 71 93 63 8 7 99 90 26 78 66 72 39 99 6 23 28 53 67 29 62 82 95 95 1
67 24 80 56 91 12 26 95 96 63 33 71 39 99 76 73 59 16 67 95 45 88 50 79 49 34 34 16 55 11 82 62 9 2 99 36 46 63 38 10 82 36 95 34 83 21 77 69 24 21 45 87 56 30 90 20 26 37 8 49 1 95 66 3 37 17 2 54 26 46 66 74 68 1 12 49 63 46 31 12 85 28 61 21 70 58 52 93 16 65 43 71 27 64 30 94 58 88 94 0
53 13 23 72 18 74 89 94 96 86 82 3 62 64 65 66 16 13 45 25 63 86 64 84 3 25 89 52 94 25 66 37 92 21 99 16 46 66 98 7 9 23 76 24 63 45 2 71 43 0 90 60 10 7 87 23 93 11 34 50 12 63 73 19 85 10 52 95 96 81 69 54 80 66 72 86 47 20 36 26 34 61 38 53 12 48 31 70 5 87 12 8 22 45 65 45 70 33 99 38
80 46 6 66 88 43 47 87 24 29 3 96 38 45 94 28 64 50 70 97 5 45 75 12 71 63 43 90 73 58 9 53 53 58 7 78 98 77 30 61 82 83 20 20 69 21 33 14 95 70 11 79 81 85 72 72 85 47 31 37 75 16 23 99 94 67 14 55 92 44 38 41 56 97 3 3 63 12 95 26 86 14 60 57 4 88 51 96 59 17 27 70 74 53 98 51 61 23 37 23
87 95 21 59 47 76 97 3 42 61 60 37 73 79 7 43 1 32 1 64 37 31 73 62 8 53 44 38 74 95 1 47 48 56 21 68 85 30 36 5 20 98 82 91 44 42 23 44 96 80 13 53 4 38 25 52 99 45 1 7 41 20 81 67 21 82 46 62 48 31 45 54 33 56 49 96 6 67 26 17 39 4 53 90 86 56 71 39 88 45 63 50 15 87 17 36 38 97 5 1
41 15 77 79 52 68 51 64 20 28 41 51 50 35 9 12 26 25 18 62 61 15 42 46 9 28 44 45 79 41 30 20 40 98 93 92 91 31 70 44 53 98 88 45 68 61 39 88 12 61 69 20 60 10 37 41 23 32 39 11 83 77 73 75 19 10 14 70 61 9 93 45 1 27 16 35 13 84 95 31 4 24 39 66 34 52 45 75 2 58 56 29 10 18 4 87 41 65 14 3
12 7 67 85 44 47 2 36 44 53 68 28 9 71 76 21 66 49 94 85 32 82 56 71 39 12 4 4 38 10 17 42 20 55 99 97 20 43 26 73 99 37 61 62 94 93 93 42 69 41 47 55 23 63 85 87 50 13 31 48 28 19 87 76 18 14 52 22 15 74 12 57 3 54 56 89 68 35 78 36 55 97 49 81 49 92 21 32 33 62 41 72 85 18 31 41 61 49 76 86
82 55 1 68 87 43 97 36 4 60 41 82 32 96 31 12 18 71 88 66 99 65 5 41 94 64 27 55 57 79 34 63 51 69 68 99 8 50 0 47 19 90 86 7 34 52 4 6 73 22 64 65 43 22 78 30 36 41 61 36 0 55 76 46 84 44 32 16 9 49 85 16 51 41 88 17 19 51 45 55 51 97 2 79 66 97 58 48 74 83 59 43 21 28 57 88 69 9 61 39
89 36 97 41 74 11 77 71 64 9 55 49 92 14 59 58 25 54 85 19 37 48 30 93 11 57 5 59 0 48 16 94 57 91 67 90 88 91 32 79 56 32 6 64 97 67 80 23 58 17 44 29 95 92 37 20 63 79 44 14 74 50 76 45 95 15 22 50 84 44 73 79 60 89 15 89 92 49 91 4 73 1 83 77 70 20 54 63 23 48 47 8 17 23 66 32 69 55 3 94
15 79 25 47 59 52 34 71 16 40 72 29 29 25 72 48 19 37 72 38 26 78 83 12 0 81 36 6 60 90 64 50 60 95 3 32 3 75 58 75 54 96 92 57 76 56 99 83 73 51 18 48 16 49 27 15 63 32 30 50 54 52 67 51 16 82 30 20 15 52 42 63 3 20 45 94 17 97 62 31 68 37 56 4 85 95 97 41 11 94 78 31 26 45 17 38 81 47 25 45
71 81 80 57 56 68 49 88 0 80 38 95 98 93 42 42 60 44 97 36 91 46 95 24 70 91 79 63 46 83 7 23 51 53 52 99 27 51 26 35 16 69 56 79 74 30 73 87 46 22 86 61 88 88 91 86 76 54 67 44 85 10 58 65 93 13 62 94 35 60 97 92 97 78 18 71 76 91 20 97 79 83 62 32 20 91 13 49 48 77 87 82 62 27 79 88 15 89 41 96
39 90 82 49 70 28 65 0 70 91 41 43 72 49 87 77 13 24 39 67 26 14 80 70 21 3 12 19 21 36 15 79 52 3 84 11 72 29 72 2 47 53 63 0 55 8 38 3 46 9 95 62 31 17 9 26 71 87 46 33 15 9 13 30 53 16 53 72 9 39 39 71 69 33 60 98 88 38 32 41 11 94 7 85 83 33 0 65 56 88 59 41 41 80 59 90 24 49 43 89
13 47 1 22 40 38 63 31 18 55 6 63 57 60 24 91 77 36 70 70 97 17 45 60 19 39 0 37 35 51 82 85 40 11 72 23 63 25 19 39 3 53 67 17 92 6 35 17 94 70 69 59 50 44 96 3 57 84 40 31 9 57 10 12 3 12 94 92 98 93 18 35 6 65 57 34 82 89 17 33 58 97 94 76 60 33 1 60 60 75 29 99 14 84 39 96 90 84 51 28
22 29 2 6 55 44 79 94 94 63 85 98 34 67 20 18 8 28 40 14 7 67 55 11 68 82 53 94 0 65 47 81 9 4 66 50 13 5 27 71 52 31 71 12 29 36 78 54 40 37 30 91 39 60 71 47 85 98 56 7 22 15 41 17 87 70 41 40 3 58 90 83 99 40 95 62 6 41 8 4 80 90 20 22 55 36 96 40 20 89 71 43 74 97 16 71 20 70 59 39
24 92 89 80 1 86 61 42 20 26 89 84 86 60 91 91 18 87 0 54 5 75 64 79 12 16 75 94 19 87 50 84 48 57 17 53 39 46 73 24 23 61 77 57 86 86 28 59 91 29 52 10 11 42 93 97 48 83 88 2 11 3 0 20 93 90 45 43 76 62 87 46 57 98 89 33 18 59 42 51 57 0 18 98 38 2 46 63 98 4 93 24 31 27 38 56 23 76 36 48
43 21 28 75 57 97 64 52 46 61 53 4 33 78 59 3 79 39 40 9 13 12 57 60 78 76 3 51 15 49 24 87 83 8 16 30 86 41 20 56 35 37 98 9 70 96 27 70 42 74 7 66 13 87 27 99 55 16 88 17 20 22 99 55 89 83 61 41 93 55 81 99 1 23 51 25 61 93 32 69 25 70 26 5 37 81 32 77 78 78 81 49 65 45 95 54 41 6 63 57
83 30 5 42 30 80 67 52 76 5 93 0 38 31 81 15 98 11 52 89 13 11 43 56 49 45 99 33 27 14 63 2 26 66 36 2 14 81 55 24 82 8 53 51 40 73 62 3 60 93 95 51 32 13 29 37 96 67 87 28 0 74 68 29 34 80 73 92 12 56 89 81 85 60 2 65 25 85 22 29 48 18 57 93 85 66 55 95 55 44 77 49 67 52 81 16 10 2 66 67
18 41 79 55 5 81 6 28 70 60 88 73 98 87 96 86 94 27 66 87 31 70 69 34 0 82 65 50 12 46 19 89 19 40 23 94 65 39 81 0 18 55 37 17 62 82 53 48 97 24 64 50 51 98 12 75 30 44 62 50 85 21 23 31 76 25 72 31 86 63 98 79 74 60 80 82 51 85 65 21 9 18 1 12 98 87 63 66 22 88 48 85 23 35 3 99 73 26 81 76
16 45 75 90 65 36 20 95 41 12 24 29 31 19 23 96 69 5 62 37 97 25 3 34 81 39 88 19 60 45 60 76 16 96 82 74 84 95 4 80 51 78 17 59 87 26 84 48 93 84 58 71 94 59 25 94 92 25 40 44 56 48 14 36 48 50 54 65 95 68 98 49 73 98 11 99 79 95 0 50 87 52 52 16 80 4 14 9 5 99 58 29 43 77 96 91 77 95 73 96
53 93 42 9 77 21 40 45 64 22 7 37 70 55 39 84 54 94 58 74 38 38 18 95 87 7 90 36 5 40 51 4 80 72 20 83 16 88 89 34 35 70 79 67 96 75 43 90 52 43 70 93 25 72 37 98 0 14 33 97 31 35 88 96 81 59 3 40 77 85 29 27 57 64 25 87 38 3 51 13 16 91 61 56 58 93 72 72 53 74 56 19 7 23 46 71 90 81 29 65
73 28 14 27 58 9 51 14 55 79 73 29 85 4 67 44 0 65 76 10 88 98 31 51 15 50 29 59 75 26 40 43 77 10 71 79 98 44 24 39 97 37 69 11 19 19 91 12 14 17 95 76 26 64 12 46 64 16 44 56 87 32 19 38 71 74 24 30 47 2 92 78 50 0 41 50 14 29 15 13 18 35 77 57 18 28 69 59 26 13 21 76 23 27 6 14 8 49 26 78
67 18 60 28 81 37 27 27 64 60 0 82 93 27 78 23 72 86 18 82 43 9 45 62 63 10 15 64 25 90 9 7 20 45 98 88 37 52 20 8 6 38 13 59 66 3 57 16 53 81 61 90 6 57 58 21 67 72 74 25 91 72 25 93 37 89 32 20 73 52 53 70 46 55 3 23 16 83 19 80 91 41 80 82 10 49 54 95 80 61 74 20 81 92 76 69 61 57 5 84
98 98 92 93 65 36 67 93 93 3 42 26 80 65 35 61 50 38 52 74 16 5 19 17 94 45 6 19 20 5 79 20 67 10 49 59 77 90 85 1 79 90 33 75 10 46 22 72 53 44 19 82 25 64 65 35 4 14 15 4 8 59 70 37 31 93 3 31 80 88 15 72 49 99 28 76 27 61 56 71 92 76 65 68 86 3 81 71 41 44 49 70 59 62 73 2 75 5 20 59
81 73 12 74 99 16 54 3 90 15 61 74 55 30 5 70 56 7 32 4 29 13 48 49 72 46 58 33 81 73 9 80 9 76 34 16 10 96 95 72 79 11 59 84 95 27 81 39 55 30 66 4 9 48 82 32 19 63 60 82 49 48 81 35 41 88 72 97 10 68 30 13 76 41 4 11 37 99 24 24 97 34 90 90 98 64 73 11 53 25 93 47 54 98 91 79 19 24 97 2
33 13 61 35 18 91 31 93 1 72 16 33 91 79 62 80 88 35 39 99 47 57 31 3 17 12 16 96 60 38 39 95 29 28 58 95 91 41 34 4 12 62 24 28 29 64 85 39 27 25 53 94 82 44 83 84 46 97 3 98 60 87 87 28 82 59 79 39 40 65 15 85 37 11 51 96 81 86 47 10 15 18 96 99 63 10 63 77 71 6 25 22 81 86 56 57 97 13 83 75
12 51 39 98 55 88 96 42 50 38 34 49 81 34 33 79 70 44 99 9 32 19 28 66 52 29 56 92 1 12 92 54 70 20 95 24 69 14 14 15 55 98 26 55 74 6 10 99 32 27 31 13 40 28 72 50 44 10 9 14 14 9 5 4 23 26 98 45 2 93 29 79 33 43 88 63 81 83 2 83 95 54 64 69 72 9 0 35 70 99 33 50 23 31 19 35 67 65 38 5
15 99 86 95 19 52 98 22 24 86 84 8 61 86 33 36 45 75 3 0 5 16 35 34 95 23 0 53 65 53 48 3 26 3 8 32 39 38 18 99 94 4 59 54 80 39 87 1 90 97 15 58 84 58 89 47 93 12 36 13 16 30 7 84 73 47 7 59 1 18 11 65 6 16 43 37 56 67 35 41 20 46 96 40 41 66 24 86 62 45 79 88 47 91 66 12 49 93 1 40
39 55 56 41 38 89 91 22 0 61 60 54 3 89 39 40 25 24 51 42 79 8 90 28 5 56 0 22 45 50 80 87 70 89 11 41 14 72 84 35 53 49 37 23 21 28 55 30 81 21 14 71 76 92 89 18 76 70 67 49 95 23 68 71 42 1 75 1 87 57 89 5 67 82 51 59 50 66 55 32 23 44 61 9 31 38 84 7 97 0 7 12 12 23 37 97 87 51 83 2
51 41 84 96 6 72 66 24 55 89 85 17 99 92 98 79 66 58 85 91 47 92 70 62 65 34 6 74 24 74 1 50 75 97 91 15 44 98 40 27 22 59 2 69 83 22 96 4 73 57 41 21 42 28 26 75 25 2 48 54 94 4 19 6 44 17 64 26 89 19 33 46 1 39 93 88 74 82 61 17 62 0 16 92 14 49 7 12 21 57 0 57 74 3 41 37 65 54 59 83
49 39 80 99 64 41 28 45 22 91 9 16 58 42 57 38 21 93 48 83 7 71 62 48 30 7 82 90 44 13 51 51 60 37 86 2 70 44 84 3 66 49 65 87 8 23 41 8 86 27 41 16 9 72 52 68 21 45 43 77 32 86 47 62 12 98 16 91 37 33 34 33 61 22 35 57 56 59 91 98 25 79 50 23 65 2 33 61 40 9 4 28 32 56 80 16 0 0 57 69
76 91 85 54 72 77 54 17 17 42 93 85 1 48 66 82 30 48 19 71 38 40 23 34 51 42 50 89 14 82 25 19 95 21 65 96 74 51 90 41 34 87 15 29 34 38 11 61 95 73 35 49 2 23 31 70 96 60 21 24 58 55 10 6 9 38 69 33 18 30 31 84 65 78 13 40 49 90 39 4 31 94 4 44 31 93 51 50 85 21 6 86 12 16 60 45 30 47 50 1
65 86 33 70 1 34 26 47 34 16 53 65 21 85 88 19 94 34 37 90 75 79 16 56 2 86 24 58 65 14 15 69 84 69 33 73 30 57 87 86 4 93 54 77 70 62 46 85 14 12 51 98 57 87 92 77 44 40 98 91 76 34 85 36 31 12 41 53 30 23 19 26 2 7 70 33 47 18 40 17 95 97 60 10 76 67 6 73 55 16 70 95 85 83 50 43 75 3 0 90
18 49 68 2 6 78 12 11 38 79 68 16 87 14 79 4 30 73 94 57 78 33 78 39 37 28 14 53 32 34 20 8 18 28 44 34 68 16 47 59 62 63 20 88 87 72 77 89 47 43 97 68 57 12 38 37 96 97 75 25 84 43 75 89 60 1 81 33 42 9 90 90 65 55 47 15 64 55 56 13 17 68 71 97 0 53 35 37 53 19 20 21 49 75 30 94 53 5 87 65
18 31 79 57 57 13 12 13 2 7 65 25 97 70 88 61 57 59 97 51 10 76 61 1 78 35 58 33 64 0 9 14 89 46 5 11 17 83 63 50 2 25 75 41 52 22 97 89 45 29 20 21 32 47 33 22 13 52 63 27 89 36 59 51 34 21 62 73 49 55 75 5 50 94 8 74 40 9 55 53 76 96 59 76 53 19 92 59 82 42 60 73 90 54 50 75 55 99 76 69
53 84 25 19 14 38 4 41 46 40 39 89 18 34 3 87 88 64 44 22 57 11 70 79 54 1 92 84 95 25 41 20 69 47 30 29 19 20 91 26 1 48 13 55 89 65 66 46 90 92 75 22 62 12 10 29 91 42 19 46 77 16 37 5 54 99 68 37 49 32 45 73 30 44 41 42 2 63 62 70 75 45 72 12 44 62 78 27 57 89 78 95 56 35 73 63 5 82 18 16
10 40 57 63 52 53 44 41 54 64 5 93 34 81 57 0 13 62 51 62 16 93 94 85 85 33 30 8 17 20 94 73 39 55 98 90 94 68 80 85 13 86 76 10 76 8 81 86 28 79 99 22 2 75 92 1 76 66 50 94 20 31 87 65 19 47 17 67 42 94 16 95 5 24 89 96 26 96 68 7 94 24 51 63 33 9 1 35 86 70 22 82 95 47 29 61 64 48 6 82
14 18 96 60 99 61 54 56 0 23 85 54 76 25 6 91 42 53 80 46 52 17 64 27 67 80 68 47 99 10 22 29 47 30 21 70 33 20 8 98 23 98 97 93 10 5 73 72 53 71 59 62 92 45 36 63 65 41 49 33 83 38 71 68 93 87 7 19 7 2 9 43 67 11 83 90 78 65 14 90 98 51 47 36 16 66 38 79 7 55 66 43 89 60 46 5 58 66 84 16
24 29 7 53 99 78 41 89 36 49 24 4 33 62 90 83 85 17 19 57 28 63 31 84 43 12 26 33 24 8 8 0 29 77 51 49 26 97 65 94 0 84 19 45 19 16 29 60 36 59 97 35 71 76 1 15 9 28 19 48 46 58 78 53 35 92 5 59 11 1 52 42 73 67 29 7 76 38 52 58 29 12 89 67 38 22 13 4 22 98 32 19 62 68 41 98 32 9 67 84
15 7 63 32 67 89 93 89 9 17 41 12 89 35 80 77 51 10 64 2 80 62 12 98 75 92 29 2 38 35 27 91 16 53 47 90 54 74 79 99 7 35 53 99 71 61 35 49 11 64 55 78 26 51 45 1 43 78 84 80 64 92 0 84 66 88 74 73 83 86 86 50 95 86 77 37 23 15 37 82 43 28 51 42 90 18 44 92 20 89 88 96 88 24 20 86 62 72 30 92
64 58 6 46 17 75 94 53 70 27 77 76 64 40 61 30 41 52 19 93 72 63 97 36 13 57 79 31 44 39 75 22 81 53 24 18 87 85 38 51 50 83 5 51 65 57 10 35 23 91 26 68 73 12 73 24 71 21 63 57 28 80 21 43 31 10 3 21 21 41 94 51 51 94 35 52 41 15 38 4 77 55 63 35 66 60 30 12 68 78 79 84 97 32 15 8 41 23 61 93
22 85 99 88 15 28 83 79 66 59 68 7 67 38 48 24 80 29 24 38 33 70 36 0 4 93 98 79 67 43 50 13 59 28 41 48 46 17 72 11 81 78 53 87 92 77 12 5 60 10 78 98 90 93 69 98 22 8 37 91 19 14 53 22 77 75 7 70 53 78 54 57 55 9 2 65 54 26 26 47 32 23 71 6 63 22 90 30 20 70 60 16 38 41 0 94 47 75 71 92
69 40 66 80 0 1 83 37 31 49 42 33 40 95 79 5 50 73 92 65 94 10 72 56 15 61 23 9 54 51 84 20 21 1 2 32 71 81 96 63 86 69 82 91 7 16 37 91 94 58 60 3 32 88 15 32 46 54 97 8 99 62 28 80 90 31 98 99 48 16 12 76 26 97 26 27 38 61 23 1 82 56 80 66 69 16 88 9 36 19 6 10 9 76 10 90 23 38 95 92
7 53 96 36 43 95 69 9 94 23 72 73 2 76 6 36 37 81 6 81 39 92 9 80 39 71 34 42 25 60 53 13 34 95 74 27 89 44 73 71 15 80 40 76 81 8 2 46 84 84 29 97 50 69 7 66 78 55 63 57 74 16 43 15 5 48 69 14 59 5 67 12 49 26 9 59 52 47 37 79 65 71 30 65 45 90 9 32 96 52 37 15 42 17 73 57 53 75 65 53
35 56 14 48 81 69 88 70 45 56 15 46 69 79 86 85 10 18 96 2 2 68 56 78 99 30 73 37 83 58 94 1 62 43 32 17 66 67 38 31 43 45 90 42 61 50 71 67 46 52 69 18 78 21 53 0 54 98 73 97 46 97 33 32 8 65 23 44 73 60 75 55 48 60 88 92 86 21 59 91 19 35 51 72 58 55 28 91 53 48 70 78 62 66 55 21 49 78 88 35
62 95 48 78 33 50 66 96 24 39 84 70 0 68 7 5 94 4 93 60 41 49 67 97 62 27 68 66 92 42 24 50 30 47 12 33 27 70 18 44 37 58 71 45 41 0 52 61 86 4 64 36 14 71 91 27 14 47 90 20 29 45 36 6 87 54 83 76 94 27 21 44 17 52 72 59 31 50 27 94 27 57 87 59 57 52 4 91 11 90 40 17 78 1 99 74 61 1 97 6
53 39 42 71 31 96 57 88 84 42 92 67 75 74 84 66 17 96 79 9 36 18 32 73 54 5 46 61 4 94 91 55 98 3 20 4 41 70 40 82 55 88 24 69 12 93 63 68 65 61 66 30 2 32 84 50 72 29 64 62 88 17 38 14 44 3 92 64 98 92 78 2 40 66 57 49 73 90 40 25 71 30 30 59 40 18 98 65 62 25 66 21 82 77 35 99 60 76 29 67
67 0 15 89 20 68 88 66 92 67 7 8 61 77 52 84 50 23 19 31 28 71 36 87 49 36 74 67 70 4 11 10 12 25 47 18 51 79 30 29 24 91 60 85 63 5 28 2 70 42 61 26 57 98 30 28 50 86 40 97 74 7 15 29 46 25 61 19 31 4 9 7 91 27 72 17 28 92 69 97 92 27 42 65 94 69 69 20 92 83 82 40 5 48 42 18 13 76 57 59
77 1 52 26 55 73 72 82 53 75 58 7 5 60 10 59 0 70 73 61 22 22 64 91 66 94 8 90 14 55 28 95 32 91 73 92 50 81 13 33 18 56 33 27 5 42 24 45 48 55 3 86 79 66 14 87 26 88 97 51 32 25 95 86 68 77 6 7 50 81 17 80 5 11 16 48 32 41 72 73 19 11 74 39 92 10 1 43 21 11 12 10 76 34 99 65 72 99 40 58
67 48 86 62 53 71 78 40 53 53 88 0 33 97 10 1 43 4 61 74 21 99 72 1 17 52 8 4 57 29 85 87 50 18 32 25 5 34 53 93 32 25 15 93 75 67 71 35 56 80 63 38 24 79 39 62 22 64 84 17 84 91 28 76 99 4 14 0 36 84 50 93 85 93 48 48 55 51 16 34 71 96 21 64 68 69 11 32 12 96 79 41 22 45 91 93 85 52 62 76
51 7 13 89 86 67 83 73 96 89 18 48 98 60 95 4 86 43 43 43 24 67 91 1 68 3 48 31 43 29 90 68 32 7 65 40 28 75 73 43 85 85 34 73 88 11 44 76 90 93 54 71 84 24 39 28 73 78 56 75 7 42 13 11 46 55 61 71 19 40 84 68 15 68 91 33 90 22 67 12 75 31 76 46 21 14 56 28 30 81 94 10 24 44 8 34 87 99 43 91
56 8 46 63 61 43 73 3 69 29 93 23 42 51 4 34 83 33 88 82 38 57 30 53 77 14 47 11 88 21 2 87 73 22 4 80 48 74 38 38 23 43 89 57 82 49 33 93 48 3 63 89 85 59 40 17 5 9 88 74 61 12 89 90 20 47 56 73 3 2 99 34 7 38 62 1 50 14 82 25 57 77 90 70 63 56 27 36 27 83 27 26 1 29 76 62 89 25 70 8
32 44 35 25 41 75 81 1 96 11 4 43 42 72 30 36 5 96 6 75 21 6 48 14 13 27 48 22 51 53 98 96 65 75 78 84 61 74 75 22 14 30 92 58 86 67 53 90 80 2 35 1 93 10 62 80 52 33 82 25 58 54 20 3 7 40 73 21 69 70 91 79 96 68 33 40 40 87 0 27 37 49 19 88 98 90 71 75 90 46 96 38 81 38 89 78 72 76 44 89
48 41 29 12 5 1 48 51 32 44 42 38 29 48 35 40 72 61 88 35 98 81 48 25 10 49 98 43 46 21 66 24 6 31 33 39 92 91 9 1 30 95 41 2 27 30 56 8 48 59 72 12 76 80 35 41 75 53 54 12 75 90 85 10 78 24 78 9 77 62 97 23 14 25 33 73 79 76 65 6 38 5 83 44 76 62 1 40 96 27 58 71 83 26 87 50 22 73 71 14
7 20 34 52 95 79 39 14 79 15 56 71 24 35 42 2 45 55 80 52 58 62 51 62 86 76 77 11 75 27 39 66 33 2 37 43 72 9 23 9 50 55 67 64 46 1 0 45 3 10 75 14 19 50 28 36 40 63 11 33 68 61 65 60 17 26 16 22 11 59 75 2 19 73 4 90 69 23 87 97 50 70 45 28 51 35 74 88 18 7 37 2 53 68 13 53 43 46 35 76
54 58 14 38 82 51 34 0 61 62 40 83 59 4 84 88 49 61 22 18 2 45 76 29 93 91 90 0 11 45 16 81 12 27 96 49 53 51 40 39 88 40 28 86 78 8 93 25 37 87 16 99 18 74 82 37 82 13 37 35 43 9 41 35 6 89 58 1 49 83 71 31 15 20 65 44 84 8 66 29 18 86 89 21 84 28 83 72 33 36 45 2 4 39 14 49 46 64 2 13
44 58 63 14 55 65 45 94 58 72 59 54 72 9 66 37 93 20 47 44 81 88 56 60 82 1 32 3 37 2 97 30 34 59 42 15 42 18 51 4 32 58 6 31 25 84 10 27 50 83 48 83 30 78 70 7 40 25 6 59 85 7 62 95 71 21 56 33 63 38 28 12 55 14 40 17 53 30 51 55 32 41 45 0 99 61 24 99 64 43 47 17 44 62 67 82 17 96 12 46
64 40 53 22 35 76 90 56 14 4 12 66 15 50 48 14 89 29 95 45 55 96 0 14 20 78 5 49 29 91 33 40 55 25 78 10 2 82 79 69 65 31 48 27 97 90 1 49 86 71 74 75 15 22 50 74 35 48 42 53 84 19 0 55 74 2 31 25 76 76 82 57 83 97 49 87 85 96 63 33 97 93 63 93 99 58 35 73 52 35 8 85 13 77 68 74 93 78 79 74
22 13 93 62 40 36 27 30 25 49 67 20 37 68 37 97 84 80 58 59 38 92 98 14 29 82 53 78 17 12 85 65 17 81 95 80 55 77 4 80 74 73 27 74 91 64 54 21 56 81 51 30 63 19 97 10 42 76 70 98 37 67 19 21 48 53 72 46 86 66 87 6 83 18 13 21 16 25 74 54 52 62 53 52 91 48 62 46 54 12 49 59 40 31 41 80 60 38 36 24
98 48 33 57 79 10 89 85 7 95 26 82 8 36 69 71 65 97 16 9 34 92 1 43 93 95 6 22 48 16 39 40 50 95 37 56 18 49 75 12 40 52 88 69 8 59 24 16 21 26 92 94 10 54 11 59 24 59 72 11 53 68 48 80 95 91 42 42 39 6 18 5 94 4 12 58 73 84 37 36 94 32 6 17 63 27 33 86 90 8 14 53 25 27 5 5 6 5 64 46
3 15 23 12 29 78 65 24 81 24 71 24 20 67 44 37 81 36 93 42 52 65 45 3 64 21 82 3 46 17 9 35 54 19 76 81 43 46 20 5 77 87 99 45 42 86 87 8 96 59 47 65 32 97 2 98 65 3 33 21 95 5 42 26 39 35 31 54 38 60 93 51 61 84 67 3 55 81 41 45 34 34 40 48 6 37 89 55 95 46 63 86 41 75 36 65 36 30 84 69
44 37 28 42 91 28 20 88 68 62 22 12 84 68 70 95 24 24 68 64 93 0 84 19 12 19 90 50 89 88 25 9 72 92 12 90 26 60 99 55 37 77 44 8 72 33 84 93 90 79 78 80 27 79 16 80 30 17 7 31 5 30 57 73 42 46 78 74 52 75 4 17 87 0 46 22 5 54 6 47 77 83 88 70 24 22 86 75 42 10 25 34 26 89 83 84 21 67 28 81
6 68 0 35 18 9 9 57 73 40 57 27 88 76 68 89 96 15 17 40 67 98 0 56 48 64 3 46 61 83 38 48 97 12 32 39 77 51 76 81 93 76 14 4 16 79 77 54 65 81 7 16 65 34 88 39 15 73 27 70 73 80 88 76 40 85 95 57 61 11 73 25 82 96 63 76 66 34 48 97 55 50 94 74 28 20 39 61 5 39 81 19 0 68 81 69 53 70 33 58
15 3 92 21 66 36 25 65 80 87 74 69 40 49 27 72 55 32 43 82 90 65 95 34 30 83 35 94 61 39 89 85 84 90 65 39 43 91 67 8 43 51 8 46 52 79 71 19 66 15 89 77 24 45 46 49 29 93 34 71 30 58 94 8 63 34 43 77 10 33 0 52 61 47 98 19 47 65 31 81 34 68 24 48 89 92 93 12 4 74 96 1 5 6 56 67 47 87 83 2
26 11 79 88 90 75 78 71 94 73 9 90 0 48 86 34 1 74 94 89 59 56 98 94 18 69 12 29 83 36 34 2 46 0 79 81 75 21 27 44 5 56 69 92 23 70 88 36 31 31 76 99 23 23 45 25 62 55 26 95 74 59 56 1 78 47 78 38 4 90 2 49 14 9 52 79 19 42 71 92 75 64 84 5 43 16 79 89 45 14 40 44 31 11 1 24 21 5 96 67
6 47 65 71 94 1 7 95 30 38 41 62 36 17 73 17 99 96 55 15 34 34 41 48 91 41 29 1 65 47 42 2 69 21 17 61 62 35 98 45 95 68 97 53 71 46 54 23 86 71 38 11 45 58 51 44 9 94 60 21 36 87 65 98 28 45 25 13 33 84 35 65 57 16 94 80 99 92 37 30 55 97 42 42 95 24 3 91 64 31 28 17 73 0 15 66 73 25 54 83
68 9 68 18 47 21 58 7 14 67 51 84 27 23 64 86 73 73 8 26 31 27 95 93 55 68 20 77 42 51 75 63 87 30 75 10 85 60 85 51 44 55 52 92 27 53 26 5 8 90 36 73 7 9 61 72 28 52 0 48 61 16 76 7 90 53 96 79 56 0 44 54 76 40 37 9 76 63 16 72 85 82 1 67 84 30 5 19 54 71 8 16 48 54 69 36 88 81 2 74
87 57 15 45 82 41 79 77 49 59 14 55 95 15 52 64 70 11 39 10 0 8 48 5 47 22 27 20 10 81 80 22 15 31 41 11 9 66 35 81 48 42 14 56 41 87 31 72 36 48 16 55 10 65 16 52 3 84 48 18 4 5 3 79 86 10 98 49 74 84 29 78 48 35 43 43 47 88 76 76 87 6 32 8 12 71 99 4 83 12 92 20 12 24 75 88 87 97 54 67
92 25 58 5 97 55 13 35 99 86 50 27 83 11 56 18 28 32 42 99 51 59 62 29 94 52 89 33 78 6 41 63 41 64 60 85 99 17 82 83 77 83 45 60 3 39 20 8 85 52 87 68 61 43 71 46 35 38 60 56 8 68 23 49 86 66 82 59 53 28 34 75 63 13 94 65 96 51 52 59 99 84 0 19 49 68 76 94 61 88 59 74 20 28 96 49 28 69 43 34
97 21 47 29 60 31 36 58 77 70 64 83 0 89 86 90 60 24 22 6 61 14 52 57 9 22 29 84 41 51 8 90 58 95 59 1 83 30 47 58 37 57 64 67 99 77 72 49 55 0 39 96 93 5 70 21 69 9 18 99 7 35 74 75 69 25 53 49 0 43 92 37 92 54 20 11 1 76 41 63 82 93 6 27 67 52 36 99 32 72 4 9 12 59 71 69 63 4 13 65
35 89 98 55 58 19 66 24 19 15 74 84 1 76 23 5 64 56 58 22 16 65 81 57 73 52 61 13 15 62 44 48 16 3 74 50 0 51 76 85 52 36 92 66 96 87 6 66 88 28 15 75 39 48 54 5 96 81 61 99 90 30 79 42 50 4 30 98 47 65 79 95 17 80 95 54 36 29 2 40 80 52 11 14 55 96 83 16 14 71 3 29 34 73 89 2 20 86 77 88
24 31 65 32 55 15 46 8 76 77 49 57 99 64 41 40 54 2 76 76 66 24 22 14 63 47 74 45 57 34 40 41 68 57 87 44 97 49 77 22 3 92 39 43 65 19 28 88 18 78 85 42 33 7 55 2 89 24 23 25 87 88 52 82 34 18 0 12 16 88 43 91 11 8 1 61 8 9 17 35 41 22 68 42 87 94 30 73 88 1 81 34 60 73 93 82 73 46 93 23
57 4 54 7 73 17 42 34 46 68 45 54 21 81 63 60 57 4 73 72 6 27 83 1 77 37 89 17 96 98 38 48 49 77 87 72 92 21 1 90 58 73 86 21 32 69 58 15 50 87 84 78 78 74 70 15 79 93 38 52 2 50 51 57 23 7 44 99 19 32 5 14 31 42 92 64 12 60 80 44 13 53 60 86 45 13 30 0 93 46 53 52 23 0 1 70 75 53 37 87
88 91 50 21 37 84 48 55 45 32 67 22 56 65 44 16 81 56 78 64 76 33 94 8 93 84 37 30 29 65 61 32 34 52 32 65 21 35 25 15 76 8 96 59 28 29 25 17 47 75 84 54 22 84 33 71 35 42 81 28 57 88 82 39 78 27 82 57 81 55 77 72 79 10 75 56 52 49 92 53 83 40 97 10 83 54 65 91 60 57 75 96 1 16 15 12 68 39 58 89
84 6 79 40 79 45 29 21 94 93 99 56 15 45 85 57 99 77 39 19 19 89 54 2 7 21 89 9 32 73 78 0 50 39 64 2 3 3 99 66 43 71 76 47 10 23 19 89 7 36 48 3 80 57 90 78 50 83 88 65 81 13 7 90 41 93 84 88 89 89 97 26 66 12 94 18 21 3 9 97 22 54 77 0 3 11 44 89 80 12 28 40 0 40 77 37 52 13 11 34
52 68 74 63 44 11 50 95 64 20 65 40 91 31 92 4 4 91 77 21 93 87 0 3 0 7 37 54 10 25 36 53 66 75 5 59 98 91 15 54 25 10 91 90 15 68 7 16 15 2 60 98 91 19 94 31 74 33 40 26 31 78 60 76 62 57 3 42 29 69 10 39 56 51 34 65 74 33 66 10 17 58 56 74 60 81 9 95 48 16 55 72 36 74 86 17 92 36 75 87
32 59 17 63 75 59 47 96 14 17 17 49 34 17 38 16 95 32 50 36 35 80 54 50 42 52 58 62 73 13 33 65 99 34 81 83 81 17 97 64 1 37 45 72 56 7 48 73 87 12 40 36 75 3 45 19 62 28 68 54 56 6 79 71 17 6 13 26 83 18 57 84 89 4 96 63 4 9 76 38 82 50 81 22 21 23 56 84 63 25 53 2 58 66 37 65 31 50 96 83
47 92 10 3 29 58 3 65 93 15 35 87 44 88 7 33 19 28 78 79 43 65 29 29 94 23 3 73 49 30 90 92 37 69 6 36 5 7 20 20 36 78 82 20 38 76 24 59 7 51 23 42 7 18 60 9 66 55 12 57 45 8 51 95 49 98 52 33 68 21 62 34 9 64 36 52 4 21 63 21 11 94 31 34 18 44 38 12 15 88 8 69 52 71 11 59 81 10 53 71
33 80 77 15 51 55 52 56 18 87 94 59 67 92 54 76 33 40 49 23 74 83 4 15 89 77 90 28 58 18 60 91 79 46 23 27 98 12 34 85 39 55 73 19 67 31 32 8 88 9 31 18 32 0 45 66 69 38 83 52 52 95 14 21 71 73 0 74 11 87 9 54 13 56 66 52 44 50 67 95 70 98 78 56 41 33 94 50 49 3 74 72 20 27 25 65 34 65 38 93
70 40 7 66 69 11 96 11 91 85 94 29 42 35 6 29 16 68 27 36 93 82 58 92 54 44 34 50 5 11 81 54 30 44 11 75 27 63 93 40 78 50 97 45 56 55 21 87 9 86 21 64 4 50 14 43 97 53 30 92 51 74 18 14 58 85 71 77 52 80 86 69 12 12 16 58 36 87 92 93 43 61 69 62 74 50 79 94 86 64 79 24 46 79 4 70 10 67 62 3
63 28 15 2 25 89 42 66 31 74 96 21 21 59 90 17 71 93 16 76 22 11 57 34 4 31 36 58 63 92 57 58 45 86 66 94 40 66 95 97 53 24 70 46 64 34 53 38 63 5 67 49 43 11 13 97 45 29 28 40 9 20 80 47 18 41 45 42 19 99 77 97 33 85 87 32 69 36 83 9 91 61 57 70 73 93 54 85 34 14 65 13 13 62 0 2 7 55 92 38
32 5 89 53 90 57 17 41 60 36 9 61 81 39 44 53 94 51 48 13 82 97 3 31 58 23 30 66 5 88 58 74 36 15 12 11 88 28 14 20 29 66 8 26 32 37 64 91 36 61 69 28 62 44 11 51 27 14 63 98 9 41 52 22 95 41 52 15 99 10 21 61 85 82 22 59 11 15 89 19 28 32 19 16 85 30 6 88 10 64 43 21 13 84 43 48 11 92 14 40
27 34 36 44 27 57 98 56 62 29 52 74 71 65 52 72 72 2 22 55 15 37 48 47 95 50 48 25 21 28 47 19 90 49 11 48 49 30 61 3 59 12 78 68 27 9 33 99 65 72 14 9 39 21 67 40 48 81 54 2 44 76 32 89 33 47 31 8 64 20 97 12 92 42 27 91 89 65 10 79 84 20 68 75 71 55 92 41 95 12 27 14 81 97 82 28 87 59 19 80
91 20 85 70 19 46 70 22 42 57 68 34 28 70 46 98 92 38 31 84 92 38 93 62 54 57 83 30 11 3 60 77 81 1 94 69 40 68 15 68 87 20 48 4 6 51 84 72 14 13 42 20 17 73 55 87 7 96 99 25 36 47 11 59 38 41 51 18 57 99 56 72 92 95 72 2 95 19 5 33 11 66 85 0 97 17 25 81 14 13 47 32 39 28 50 28 45 98 46 47
81 28 21 89 17 54 40 83 29 69 65 15 87 72 58 21 43 37 95 36 29 30 66 65 87 11 77 44 47 61 68 40 92 75 84 15 99 65 61 73 33 84 50 17 25 14 54 93 47 81 68 60 39 14 87 99 78 23 31 16 69 85 97 40 7 60 26 82 20 97 45 31 40 47 55 2 10 22 9 69 90 76 93 8 39 26 37 56 15 72 22 76 66 55 6 45 26 30 48 43
74 47 33 54 43 80 45 24 14 98 34 49 45 34 65 19 74 9 67 16 34 92 11 17 62 48 91 3 28 59 46 8 66 3 33 2 92 39 42 3 57 18 6 87 9 43 84 87 49 37 88 84 2 30 81 23 15 46 97 29 49 63 43 91 95 68 62 38 48 86 69 24 98 42 82 3 50 9 38 16 59 54 88 46 58 82 26 59 51 5 60 74 34 7 61 62 40 49 12 91
6 53 61 17 81 40 38 63 35 95 61 5 27 97 12 35 1 64 1 45 85 73 43 93 17 28 34 43 95 6 3 91 41 24 45 67 83 33 96 92 42 45 19 21 40 20 85 12 81 21 61 49 94 14 86 89 11 6 3 34 10 40 63 87 80 0 98 41 71 48 12 61 38 17 80 59 68 77 27 93 94 22 44 93 41 82 31 17 23 33 83 16 45 59 41 20 66 14 91 46
21 79 17 48 54 10 74 64 51 13 57 18 1 44 62 67 86 42 5 50 16 35 10 13 59 30 4 73 16 10 78 77 63 22 12 48 25 65 44 73 95 97 20 17 58 52 33 73 44 2 68 31 81 20 24 91 39 62 79 33 82 43 20 77 86 68 75 53 62 37 13 98 38 68 30 71 62 70 77 82 42 53 54 39 96 44 9 68 37 2 47 7 39 34 86 62 7 51 54 92
13 19 69 11 40 90 13 0 42 73 67 83 28 36 92 40 34 97 31 25 93 43 82 92 62 50 25 73 56 59 37 86 24 23 86 77 3 19 44 92 19 87 78 69 17 80 35 55 38 13 23 81 49 14 14 96 39 37 55 45 82 29 68 2 68 26 13 92 94 10 51 21 26 69 38 13 27 20 0 29 48 71 94 84 72 76 17 92 53 77 93 20 68 21 65 14 61 0 95 39
7 86 12 34 0 7 3 87 39 28 79 9 73 33 39 65 97 75 60 5 16 1 80 57 79 58 94 53 29 65 6 63 81 37 43 84 85 14 77 39 38 22 74 2 28 86 42 9 77 37 10 10 24 89 80 55 88 36 52 78 67 35 43 17 64 78 57 4 94 82 33 47 84 40 61 31 58 92 90 17 34 71 89 86 84 7 75 13 11 50 16 84 14 39 32 56 81 48 25 13
26 88 64 18 28 90 47 95 56 17 75 49 66 50 84 50 7 65 21 63 6 81 16 59 40 64 81 62 32 23 21 53 40 84 60 48 21 1 76 32 71 96 91 96 96 39 76 5 4 8 12 85 67 6 35 64 63 70 25 75 2 1 77 87 72 21 4 68 2 4 27 67 33 69 5 98 41 81 10 86 45 46 69 74 86 58 95 66 20 5 66 46 11 63 53 87 63 54 75 66
