85 63 10 86 6 19 40 65 65 78 8 23 70 4 12 3 87 52 75 44 22 49 92 53 51 35 54 24 69 18 43 17 18 74 27 94 51 72 36 42 73 84 6 54 0 69 89 60 45 11 60 84 98 96 16 70 33 62 56 27 18 86 91 29 64 12 4 68 41 35 41 7 28 96 6 78 85 79 72 12 77 8 60 97 6 83 84 92 45 23 83 62 10 2 14 79 52 81 74 84
59 71 50 78 99 50 34 83 35 18 41 16 78 32 59 27 86 92 92 56 0 87 28 95 49 54 23 56 24 88 27 72 27 42 71 7 81 16 23 35 19 12 41 46 94 69 27 7 70 25 91 91 69 75 0 92 77 43 12 36 92 6 90 56 48 36 81 3 27 98 56 73 45 13 21 47 55 41 32 67 50 26 89 56 13 87 46 67 36 68 66 18 69 76 69 53 88 45 37 63
46 11 43 75 34 28 90 1 3 23 87 24 88 90 56 50 59 13 26 33 70 60 9 85 21 59 35 79 68 86 53 51 64 31 64 3 36 16 90 15 84 21 52 74 94 63 32 81 55 26 78 1 88 66 51 72 59 24 8 85 17 81 56 62 83 41 45 46 93 8 58 57 69 19 81 30 59 55 60 29 85 89 59 8 36 25 43 10 72 88 78 5 59 98 49 71 57 32 47 8
74 24 13 74 41 25 22 86 6 65 8 92 85 33 39 11 56 11 24 76 6 7 95 54 37 59 70 71 13 61 38 11 93 5 27 48 59 14 44 76 77 89 33 46 5 86 57 70 72 8 85 68 70 46 27 21 42 48 95 87 35 39 33 32 12 60 40 8 39 14 46 21 85 49 24 18 5 55 10 88 35 43 83 92 54 75 0 38 4 45 58 22 14 18 79 82 80 43 65 49
57 71 34 56 89 38 86 14 72 85 4 40 50 93 24 91 94 89 9 6 72 41 58 44 47 35 19 55 70 83 0 25 37 59 52 44 55 57 23 53 10 6 34 91 54 21 59 50 97 54 85 6 37 72 15 28 72 10 26 75 2 9 82 84 81 79 78 77 57 52 20 65 77 6 95 49 2 60 9 71 84 66 89 94 37 69 66 0 80 28 54 70 32 65 80 36 53 74 45 20
81 91 49 77 1 57 3 46 65 19 77 84 59 8 19 95 41 54 54 69 59 90 5 50 56 2 29 6 43 41 65 29 65 2 98 21 20 21 44 43 1 64 22 95 79 56 77 77 10 49 95 88 71 44 64 85 62 12 44 41 13 68 78 29 24 45 29 64 68 33 29 44 35 65 67 1 93 0 38 54 5 11 70 10 37 1 51 38 84 9 38 21 0 67 80 65 6 83 62 92
74 46 63 44 41 55 83 25 6 46 99 92 79 36 38 37 49 52 93 40 44 61 80 14 91 20 39 53 64 94 80 90 61 85 99 2 35 8 90 22 48 98 54 75 81 83 54 69 72 17 34 38 67 84 87 41 23 96 11 93 99 94 15 49 39 73 12 36 90 16 73 22 99 63 52 13 3 11 92 29 29 32 9 72 83 37 59 6 20 22 37 31 87 15 75 95 10 26 45 41
55 3 92 50 90 59 37 4 89 14 84 8 44 99 84 32 19 38 33 98 18 80 35 88 95 81 60 55 54 13 2 55 16 52 21 14 23 10 56 88 16 73 76 0 26 99 29 57 5 44 9 53 37 54 41 21 17 91 57 77 33 27 1 63 57 15 43 67 31 96 80 99 66 70 66 83 3 52 85 12 33 19 80 53 99 17 25 73 21 63 68 35 2 66 29 30 45 27 15 44
99 61 60 33 73 85 21 31 70 12 96 55 72 73 42 4 57 58 79 47 4 52 60 27 99 10 65 6 50 67 16 34 26 28 91 44 21 72 21 64 86 20 27 67 51 23 92 43 88 39 19 85 92 22 88 94 0 58 31 37 24 10 79 28 18 36 38 54 58 34 4 57 51 56 39 70 59 36 20 69 20 39 60 11 11 94 87 20 10 24 38 34 65 55 64 96 81 66 71 84
5 36 62 20 96 38 6 21 32 10 73 30 9 98 8 3 67 43 86 48 53 44 4 11 76 23 47 99 33 28 69 77 73 13 79 82 94 72 65 78 89 3 82 16 9 7 97 89 1 88 88 60 87 88 32 2 86 96 5 19 53 87 55 6 14 24 10 19 88 60 86 38 45 89 1 41 81 53 12 88 36 71 63 19 23 47 55 3 42 2 38 41 84 64 25 61 92 67 90 93
55 46 19 83 90 43 94 29 84 99 68 0 21 29 86 64 83 0 16 45 1 1 55 89 21 64 52 23 74 48 70 52 39 34 24 35 63 79 9 84 52 26 78 89 82 92 88 97 19 51 69 3 1 20 37 97 85 89 10 31 13 38 29 10 14 68 33 42 81 73 27 49 73 73 24 93 75 21 45 84 25 59 72 45 34 23 35 44 24 31 38 41 31 19 38 55 82 12 3 96
52 29 34 99 96 63 22 59 11 68 34 67 24 58 58 73 48 3 28 44 56 6 8 70 61 40 38 87 5 56 97 33 28 48 15 65 88 77 70 65 85 31 82 12 83 87 10 3 42 63 98 77 59 25 59 92 37 33 15 45 69 49 76 15 61 61 2 53 63 36 39 30 62 39 69 95 68 58 14 84 25 58 47 2 79 52 61 66 7 37 79 83 39 84 43 6 18 90 62 10
53 63 59 10 78 53 16 54 18 81 77 77 73 59 53 42 27 16 11 52 11 95 63 90 8 58 42 31 17 14 14 54 1 98 23 41 55 78 62 63 69 51 48 45 71 54 82 66 97 55 0 45 97 53 1 20 82 3 53 18 95 92 56 2 35 43 47 9 38 78 36 16 51 24 58 42 85 6 94 62 22 35 36 41 70 75 47 11 91 29 18 68 78 40 46 0 53 98 84 71
46 35 93 52 34 75 10 80 80 14 36 41 29 68 30 36 35 38 72 24 47 31 19 51 4 72 22 76 29 0 37 7 98 67 76 50 60 78 97 40 68 7 7 28 46 67 13 90 5 96 16 99 29 93 51 34 5 91 3 9 2 11 93 19 44 38 63 54 91 3 73 77 45 76 72 86 93 26 72 50 85 19 65 77 11 32 11 63 43 57 58 98 84 4 65 92 74 41 2 42
43 84 98 35 86 26 70 59 11 90 48 36 33 68 5 95 41 64 63 19 95 18 85 90 28 61 76 23 5 22 96 24 74 29 7 31 34 13 17 95 69 15 6 57 16 62 28 10 11 45 95 28 59 89 67 81 98 89 14 1 11 58 2 22 56 47 89 32 67 34 11 30 26 91 59 73 91 58 71 92 24 96 45 87 61 50 64 73 83 82 96 38 73 77 29 23 43 43 16 16
39 57 76 76 70 39 58 47 83 62 24 16 29 89 21 35 23 19 84 2 47 7 91 1 54 77 97 52 59 91 61 36 77 73 13 94 93 57 61 45 83 52 68 77 75 8 71 78 16 45 63 9 96 46 7 38 28 96 26 90 41 45 88 67 30 89 96 97 24 0 33 31 67 60 48 32 51 64 74 99 59 93 55 11 7 32 67 34 87 99 82 6 96 37 40 58 78 97 94 87
6 39 58 16 91 36 25 58 95 50 44 21 64 19 8 0 62 53 60 75 78 17 35 1 45 40 18 36 12 43 75 49 15 34 20 71 20 1 40 2 88 24 76 93 20 99 10 80 4 52 2 94 93 4 15 52 16 57 92 70 17 11 22 38 12 94 11 73 11 51 23 66 94 60 67 6 68 92 10 71 98 60 25 18 43 26 70 51 55 20 63 9 7 45 7 60 28 29 79 86
12 74 36 40 11 82 7 99 37 50 22 62 72 38 77 37 67 34 89 87 37 50 70 57 35 90 58 36 27 88 2 4 8 11 42 81 66 1 24 13 18 69 1 98 88 76 46 82 54 90 3 53 95 17 49 62 23 16 6 46 7 7 59 10 65 73 8 56 14 29 35 97 56 60 61 78 97 24 55 62 79 63 0 28 98 60 68 50 8 9 77 17 54 64 0 56 68 57 14 87
90 50 86 95 51 61 98 94 28 78 31 8 35 10 33 38 56 19 98 82 23 51 63 96 75 11 13 2 79 22 5 65 98 62 73 27 22 0 51 44 74 29 92 38 73 69 73 69 21 16 38 12 35 60 71 69 72 79 80 24 58 27 61 78 24 37 18 68 66 58 80 31 69 69 53 40 91 93 60 49 22 17 52 42 13 53 11 86 17 87 6 72 19 14 32 46 2 37 65 39
27 51 86 51 83 13 32 27 69 95 15 86 83 60 43 9 20 59 23 71 84 91 13 65 97 34 66 98 93 81 69 56 17 11 79 54 46 44 98 39 83 13 58 25 39 79 84 33 42 7 42 72 31 72 0 42 75 92 42 54 45 10 50 15 96 21 22 0 1 63 39 77 46 57 68 97 74 7 59 2 50 47 7 70 47 55 88 47 85 65 78 40 36 37 52 98 5 58 30 23
95 22 76 67 65 63 10 42 53 76 3 26 74 55 26 52 86 54 3 14 84 69 56 87 44 79 84 57 95 23 40 17 40 87 49 48 36 16 29 35 38 63 33 60 12 85 84 91 66 48 49 72 41 14 18 49 97 70 61 29 69 64 12 76 99 57 87 94 71 0 44 54 77 58 17 82 97 55 35 18 60 62 3 63 76 82 37 56 76 84 50 54 58 82 90 82 52 76 20 54
88 47 86 27 69 85 97 96 95 67 1 97 18 70 8 10 77 48 26 42 72 79 28 28 44 53 93 25 3 20 39 11 54 47 74 37 13 94 86 94 21 76 56 15 82 66 62 75 49 54 53 34 13 89 93 7 17 32 93 55 9 81 5 17 8 85 72 24 96 28 86 96 89 1 35 66 71 41 34 24 73 45 60 51 42 46 19 60 83 34 88 7 71 64 7 91 49 26 72 30
66 53 8 52 69 27 78 2 19 25 69 36 16 90 32 53 59 86 25 2 20 43 32 22 18 84 6 8 20 19 29 57 26 53 11 49 80 37 70 56 50 5 71 2 71 74 78 20 97 2 91 9 42 43 29 26 72 86 48 82 75 45 79 12 37 47 57 45 41 7 43 94 71 23 34 17 10 93 83 12 92 97 20 53 49 59 45 36 16 31 97 20 78 71 69 80 29 95 83 44
88 33 69 90 23 50 39 8 60 83 93 93 54 48 93 58 30 35 44 63 27 66 42 14 93 37 72 78 49 93 90 26 16 37 86 65 24 96 51 41 56 75 64 35 32 55 25 96 35 28 31 61 28 25 2 52 56 94 52 57 26 48 91 87 50 44 89 8 54 84 7 58 62 54 25 93 61 3 35 58 0 73 24 33 94 88 49 34 93 73 41 67 90 93 93 3 66 60 28 20
59 23 45 97 59 27 7 31 68 24 34 19 71 78 26 23 82 81 10 64 0 62 94 3 90 52 49 55 7 59 11 77 11 75 13 69 81 50 15 95 5 67 80 97 35 5 34 14 4 62 32 16 28 73 41 15 29 22 49 20 90 52 85 87 45 93 56 58 37 22 58 27 81 84 8 10 92 77 57 25 82 39 6 3 69 64 14 20 77 82 37 42 69 52 73 48 13 48 95 51
51 63 1 20 59 13 38 25 23 48 74 76 50 28 90 66 56 49 83 49 13 74 64 89 90 7 93 90 83 93 6 0 42 48 90 53 68 40 26 60 79 29 86 11 23 41 0 47 18 51 77 7 32 44 2 43 11 73 65 89 31 12 37 90 42 57 89 27 60 44 18 55 28 0 48 50 7 4 56 80 54 90 74 30 74 78 84 45 78 27 8 4 13 52 76 66 85 54 45 80
37 88 28 20 76 42 45 62 13 35 75 76 55 1 70 25 9 50 66 8 51 23 88 53 29 96 62 57 48 89 76 63 36 24 26 58 56 60 0 56 61 92 8 15 99 18 22 17 87 14 65 26 87 6 16 4 67 98 92 20 11 67 82 68 37 78 32 50 93 13 15 3 26 19 96 79 66 34 33 77 78 62 51 17 84 0 3 71 56 74 27 46 67 92 17 55 97 12 12 61
7 11 73 97 41 25 99 67 98 54 20 58 86 2 57 10 94 37 1 28 41 16 70 46 61 60 86 95 71 40 90 52 96 53 58 32 15 74 85 23 28 96 67 57 46 15 28 75 55 15 92 35 94 77 37 73 51 33 38 68 81 62 26 76 39 35 75 49 60 69 7 3 89 3 33 14 93 83 66 3 89 48 2 22 20 70 47 26 10 49 0 69 14 81 6 81 43 86 95 45
63 90 4 20 31 55 3 86 30 63 32 46 37 13 2 0 90 14 63 5 0 54 87 41 35 85 31 88 18 14 80 55 23 49 27 88 40 20 88 75 54 3 99 30 90 10 42 91 55 34 56 41 1 64 13 77 7 46 11 4 16 55 19 46 83 54 13 10 41 16 17 63 8 78 33 48 23 63 67 30 98 8 78 52 79 65 88 20 46 44 94 3 36 16 72 17 78 96 9 71
29 42 98 67 49 51 92 8 95 83 49 57 84 83 68 56 64 82 57 53 32 53 11 24 36 78 43 4 16 92 98 86 12 29 49 12 69 13 5 12 9 99 68 38 22 80 84 92 82 57 36 74 82 29 55 48 18 96 27 52 39 69 98 59 58 39 86 9 85 49 97 66 68 70 65 74 69 72 25 20 37 54 53 1 45 89 67 72 6 95 73 87 39 78 70 41 16 6 95 53
79 1 13 79 9 82 99 95 76 70 65 98 99 49 63 32 1 40 86 51 74 66 16 79 87 87 46 8 7 18 74 71 6 26 18 32 57 72 14 54 72 30 67 91 28 24 71 37 14 97 97 35 85 0 81 9 71 43 24 51 45 0 55 69 44 54 82 88 57 92 77 4 33 62 58 82 48 22 70 65 45 90 18 29 34 41 71 37 55 94 44 42 68 51 36 37 73 79 8 62
28 28 41 70 42 53 30 65 43 74 97 19 73 76 67 73 77 2 51 53 41 43 0 75 41 38 53 92 63 99 8 47 58 12 42 44 93 55 56 8 16 28 52 62 80 76 25 25 22 60 87 55 2 48 62 85 76 20 24 91 96 36 20 55 54 65 13 81 67 56 69 95 2 6 89 49 31 18 20 39 32 74 8 23 9 34 89 44 37 5 26 42 16 31 1 44 57 93 50 97
28 47 3 35 84 4 70 31 34 79 95 60 89 89 97 4 93 19 17 14 20 52 71 14 52 66 30 5 81 13 62 9 30 26 75 44 73 16 33 84 44 57 55 31 87 89 20 15 39 85 21 4 29 42 16 33 4 64 60 17 34 68 39 78 58 21 22 73 49 21 28 89 36 63 19 60 74 42 52 69 46 89 86 61 11 83 79 93 69 29 25 25 0 33 39 52 73 40 4 71
1 85 80 46 81 56 88 74 74 8 24 20 8 65 28 16 98 36 81 0 55 29 51 57 22 20 37 28 1 7 46 52 77 70 68 23 98 17 46 35 45 78 11 54 10 21 77 71 98 95 20 29 40 15 9 28 65 62 36 57 15 92 60 77 48 96 42 48 64 53 94 91 19 51 1 79 29 90 28 0 84 41 60 37 55 22 7 85 12 19 58 95 72 90 14 8 22 63 88 51
19 64 96 16 92 8 23 14 65 56 60 81 96 1 28 81 77 6 80 29 58 43 31 20 45 4 9 53 82 54 2 36 74 97 66 61 26 93 17 55 28 27 46 89 94 91 33 1 50 44 77 37 34 94 15 72 59 86 33 28 33 93 42 78 71 12 96 26 59 26 68 62 61 22 22 48 92 7 36 27 87 90 44 29 1 93 84 81 40 16 57 92 26 95 7 50 0 22 97 46
7 99 83 25 19 46 15 86 75 28 59 7 85 69 48 63 87 88 34 96 46 7 33 76 23 73 65 83 9 69 16 26 49 89 47 81 35 25 79 83 60 15 60 46 5 7 18 80 38 17 3 69 46 94 60 28 14 4 93 93 56 42 18 79 58 63 5 42 96 34 99 93 18 14 25 75 57 4 60 13 21 47 31 49 54 12 1 51 19 88 40 66 5 10 32 13 35 86 89 27
21 87 99 8 42 8 66 94 20 53 11 8 54 86 56 53 50 70 47 74 23 7 67 19 19 38 85 53 20 97 95 22 52 6 76 23 83 37 74 11 29 35 23 89 50 85 32 23 3 95 79 68 1 58 30 64 77 57 79 86 4 0 72 83 83 2 78 40 59 7 93 89 79 26 90 13 77 36 26 69 65 34 2 86 22 27 0 47 43 22 52 15 69 74 43 74 57 15 72 79
42 29 48 40 78 5 88 62 80 84 22 59 40 86 71 17 26 26 2 98 43 95 72 16 38 96 23 4 96 95 14 33 93 69 57 43 49 70 52 67 2 99 26 21 15 91 59 12 12 3 8 23 69 12 70 57 96 46 86 53 26 18 73 48 48 52 9 52 22 90 70 70 60 70 3 71 57 43 29 99 48 32 67 13 17 4 97 6 61 8 26 85 87 44 56 5 52 57 38 76
99 65 4 89 24 30 96 40 35 63 71 96 42 99 15 13 0 33 38 14 85 53 53 85 49 43 20 82 43 62 76 79 97 1 33 44 38 82 65 32 29 75 32 61 97 87 38 1 6 85 19 80 53 23 23 34 42 43 96 83 65 42 53 19 80 20 25 23 83 50 94 46 14 95 21 37 16 26 69 84 66 23 32 49 46 71 11 75 83 19 51 40 29 53 17 60 3 68 48 77
30 38 69 76 2 91 35 0 70 40 58 11 65 1 69 37 52 95 70 14 51 30 84 39 32 38 31 38 80 62 46 34 43 89 1 89 65 44 44 36 52 11 2 87 91 74 57 83 13 69 80 68 34 52 38 53 44 17 91 77 5 80 53 60 34 24 71 66 48 21 72 0 8 22 92 38 31 83 27 12 80 6 94 94 93 21 59 56 16 75 92 36 88 15 20 60 62 30 12 48
69 74 11 6 62 30 9 90 30 97 42 96 40 16 17 32 13 74 42 64 55 76 1 2 7 60 56 14 78 59 36 77 10 7 40 47 41 47 71 96 78 42 86 93 31 44 81 24 4 35 18 33 36 35 54 94 73 77 17 28 63 76 49 27 33 91 3 33 56 25 22 47 44 13 24 1 10 38 78 79 78 44 34 90 25 70 78 4 70 32 80 51 3 97 91 31 92 59 42 41
7 96 89 73 32 69 97 76 66 33 36 6 69 89 22 6 22 1 19 76 62 53 7 38 30 30 55 90 99 33 96 67 34 62 73 30 9 81 15 12 76 52 6 0 50 79 34 34 96 93 57 54 74 10 31 88 3 85 71 21 57 16 55 50 10 55 53 96 88 25 67 36 58 72 29 20 7 44 26 3 54 0 85 85 79 67 66 31 5 33 34 0 40 83 29 71 57 50 86 81
70 56 11 16 91 80 7 65 44 28 56 58 48 96 68 14 56 9 90 65 1 48 92 36 82 61 27 34 63 72 10 7 8 11 69 97 65 53 40 21 11 99 10 59 19 84 56 58 35 0 66 58 47 21 73 15 24 89 31 49 49 1 0 50 34 68 23 68 13 1 9 89 29 86 30 87 14 31 65 30 50 95 60 74 20 91 88 98 61 83 97 30 15 32 74 95 74 78 16 41
55 11 59 74 51 63 98 54 86 26 55 2 91 78 62 13 70 43 35 28 35 23 23 35 33 81 70 25 95 59 38 87 88 62 46 68 52 32 56 82 1 43 84 65 88 92 3 64 35 86 76 40 59 32 12 53 67 4 16 15 83 74 95 29 74 78 54 76 35 47 52 75 85 14 15 24 97 98 7 10 42 40 79 21 13 49 66 60 14 10 54 60 57 62 41 46 84 59 60 54
36 66 68 18 34 84 80 40 40 12 74 26 85 98 92 58 85 8 31 22 38 14 17 56 73 90 41 57 63 67 4 57 42 44 71 94 61 5 91 79 76 61 62 32 71 17 91 38 84 31 85 23 15 99 1 97 60 73 23 0 97 33 15 68 79 96 37 17 96 52 7 80 24 94 86 50 24 27 36 72 19 22 57 73 89 18 85 49 20 41 44 4 23 59 63 62 62 49 63 17
44 48 65 41 3 7 1 55 96 63 2 79 61 79 3 35 71 36 46 30 14 0 89 95 31 56 67 70 54 63 18 78 93 78 99 52 27 54 96 14 35 83 20 38 80 16 38 69 25 35 72 90 15 84 15 33 88 90 89 38 42 72 99 74 53 93 95 55 62 37 87 90 44 17 35 77 22 95 0 0 19 35 68 48 45 41 23 78 79 50 76 66 16 32 86 59 90 89 84 77
54 97 29 2 55 59 72 55 30 61 43 49 42 64 78 94 53 29 96 50 95 15 0 10 73 96 83 42 27 14 19 73 46 12 86 8 14 59 50 42 47 68 29 78 79 38 57 89 37 16 18 28 80 68 29 17 13 80 36 93 58 68 85 57 50 5 4 56 21 40 78 72 4 41 82 80 58 60 72 96 33 13 26 62 64 52 61 27 53 94 40 50 30 17 42 35 88 96 73 74
63 0 46 39 98 64 44 98 9 34 55 55 47 45 5 81 58 44 86 68 34 96 12 38 14 36 27 72 56 83 36 60 40 89 29 52 52 65 20 44 69 60 14 26 73 42 3 60 80 23 70 48 36 71 20 16 90 0 12 7 20 62 54 79 31 47 21 82 3 98 84 33 45 17 65 85 66 45 12 85 62 17 92 24 35 31 84 53 31 68 82 42 42 16 50 85 61 72 23 13
75 60 90 35 60 65 80 97 47 78 98 96 55 7 3 23 41 43 54 17 48 65 75 93 5 19 9 49 91 27 86 77 73 16 30 34 36 87 68 1 16 37 99 92 64 62 7 54 32 92 59 77 84 92 48 63 57 41 27 1 97 40 44 44 96 15 33 88 1 17 10 39 34 20 55 89 20 8 25 93 50 33 98 8 64 7 98 97 83 1 19 93 7 70 0 61 43 7 80 7
19 77 10 89 19 19 65 57 54 11 20 75 30 64 4 99 92 95 8 16 79 98 90 55 15 37 46 33 5 81 98 84 15 52 9 29 76 53 72 94 70 6 64 96 66 46 34 47 1 50 34 26 82 21 63 72 10 69 8 58 17 28 38 99 65 73 80 43 34 51 57 84 83 69 23 88 63 5 11 34 21 90 84 43 37 25 22 63 60 96 73 17 79 88 88 71 5 33 41 97
56 78 24 42 44 70 86 86 80 79 8 62 56 55 87 65 46 35 92 70 24 18 46 72 69 16 26 80 4 21 56 86 30 74 27 8 26 11 71 60 98 45 50 23 0 45 61 35 31 21 68 85 26 87 55 43 75 26 54 68 27 48 31 71 16 30 51 78 48 86 42 30 58 64 75 87 71 39 93 85 10 98 81 45 79 29 29 78 63 25 25 61 77 54 12 97 57 13 27 50
17 72 89 42 26 49 51 28 62 3 40 22 94 36 37 93 69 19 64 85 34 83 14 3 7 29 52 89 85 90 75 66 74 97 99 32 48 6 65 73 39 85 55 96 79 99 11 66 73 86 42 19 27 34 24 23 21 83 93 7 53 8 16 43 83 10 89 97 67 33 37 57 83 51 50 90 83 68 73 99 84 61 82 13 54 62 35 10 21 30 73 5 55 79 73 15 48 24 65 18
0 27 9 59 56 25 14 98 49 20 2 59 67 28 6 70 17 13 47 81 63 66 5 28 60 99 80 86 80 87 43 34 86 64 27 26 3 60 31 89 29 50 3 5 78 40 6 67 40 12 62 36 64 1 31 67 82 6 45 0 95 39 78 83 56 70 50 18 21 69 60 90 70 8 95 42 50 75 19 64 28 40 7 4 47 78 73 39 96 7 87 94 12 38 9 66 42 66 30 77
58 42 72 38 58 44 22 36 2 21 59 91 84 59 13 33 35 97 25 54 7 19 67 12 61 70 64 74 77 51 80 23 48 82 45 62 57 75 16 21 5 71 3 75 86 82 16 76 35 43 75 27 46 54 4 87 67 41 48 15 44 85 3 4 50 97 14 52 8 27 93 53 41 35 51 85 26 98 65 24 11 98 21 36 13 69 32 80 6 86 77 88 29 53 53 65 82 53 38 10
84 59 7 73 88 24 3 34 25 63 26 99 92 56 54 53 88 13 45 47 53 17 91 94 19 2 69 6 78 42 60 89 73 98 21 13 69 63 0 98 1 94 24 99 15 14 42 13 31 13 20 19 67 32 81 70 32 21 40 4 14 93 54 22 29 78 84 65 97 48 82 47 44 20 51 46 72 11 97 15 54 19 13 17 64 31 17 58 3 88 67 21 75 39 14 73 90 7 85 49
55 96 34 37 63 55 22 94 82 75 33 73 25 95 50 37 33 86 31 68 21 37 8 34 25 67 96 53 36 57 24 7 97 40 13 88 39 29 85 19 96 3 13 40 27 2 66 63 20 72 40 75 24 39 9 48 35 52 60 56 14 93 90 55 71 44 64 43 8 18 18 56 61 85 50 24 93 26 87 10 57 20 53 51 1 56 82 85 85 50 55 49 6 33 94 24 8 70 91 75
42 37 36 65 82 75 54 21 35 81 35 98 75 44 75 19 70 16 66 93 82 77 4 49 56 61 56 99 83 38 14 94 51 73 99 50 8 84 71 3 96 57 78 18 72 3 53 53 31 88 74 62 45 73 68 55 33 91 6 78 2 37 90 27 28 75 34 25 75 53 71 47 19 83 42 25 6 5 62 39 42 88 99 5 46 0 87 72 4 25 76 10 46 37 1 36 96 96 48 89
16 70 64 54 55 94 84 37 24 15 61 51 16 94 32 76 81 81 64 77 13 75 96 98 65 62 99 32 22 32 0 78 57 90 99 73 5 32 9 90 31 58 11 86 88 88 61 25 77 10 49 14 78 84 10 16 13 35 33 47 17 54 87 88 89 56 30 43 51 30 8 25 60 74 97 28 35 8 31 44 56 31 85 57 34 68 83 85 37 19 33 6 41 91 74 51 95 99 62 27
34 16 98 61 41 29 26 18 22 87 23 36 51 91 12 54 54 67 72 57 78 62 9 33 56 85 4 95 51 74 59 26 24 83 5 30 2 7 99 26 94 19 6 78 71 40 10 11 92 97 25 39 52 17 62 84 50 80 30 8 55 81 51 79 29 73 75 19 3 28 32 58 25 93 83 78 60 57 50 65 71 92 73 59 76 48 80 39 18 3 57 12 44 29 78 28 96 45 3 82
64 30 82 3 59 23 36 48 30 90 68 20 2 0 13 90 71 35 99 93 82 73 97 51 59 35 58 31 14 23 40 99 59 11 0 69 18 70 92 61 90 68 72 58 4 60 49 67 45 99 47 39 79 97 73 80 0 61 74 71 77 92 96 10 76 92 75 40 0 93 60 23 1 4 64 78 28 5 13 68 2 35 7 80 62 53 21 99 32 96 66 82 13 59 21 59 85 84 66 96
93 10 76 54 74 18 85 53 37 17 0 47 71 85 49 1 4 39 40 66 58 21 70 84 60 82 76 81 9 18 36 13 27 73 2 90 52 63 29 8 96 26 37 32 58 48 27 95 80 75 57 52 72 33 37 73 85 83 21 31 55 35 38 16 85 75 16 41 26 47 67 59 55 17 53 29 26 41 87 92 29 47 56 27 44 98 11 88 66 36 71 40 49 45 3 79 38 8 94 39
9 86 27 42 67 36 97 34 16 33 63 98 92 81 32 93 88 90 63 60 90 28 53 16 26 45 88 3 39 28 69 82 67 84 84 98 70 39 28 20 4 40 27 99 63 22 54 75 82 99 50 76 54 12 65 16 64 77 96 21 43 41 43 10 18 22 78 86 95 34 24 10 48 99 21 36 86 2 22 17 81 13 15 55 10 8 81 85 82 87 88 18 55 7 43 75 82 23 77 74
42 73 97 33 88 4 94 65 41 79 75 29 32 10 88 59 95 24 79 96 4 45 68 39 4 97 11 8 52 6 96 92 7 52 59 51 55 21 35 50 89 33 62 26 10 0 50 63 11 15 48 51 74 35 22 48 50 70 41 94 65 56 5 65 47 92 81 79 94 69 63 63 77 50 63 88 62 35 42 19 80 93 14 87 28 16 85 92 64 91 94 98 99 26 73 17 62 82 1 30
7 96 11 67 70 17 18 69 92 74 98 66 49 36 76 78 58 15 14 2 87 93 58 62 65 5 22 20 8 16 11 53 45 2 89 36 57 24 1 87 60 95 13 4 80 24 68 44 52 60 8 10 28 48 32 45 69 25 78 67 33 46 1 36 81 8 36 5 1 19 60 77 27 35 83 80 56 20 39 95 52 8 58 38 99 26 98 73 14 10 97 69 32 87 98 56 52 44 6 70
52 93 42 61 41 3 47 31 87 31 82 65 32 23 98 36 31 73 8 5 74 97 97 82 29 59 34 47 82 52 18 57 29 92 49 43 78 10 72 83 54 60 2 46 36 0 3 40 48 5 38 63 15 46 90 68 27 76 6 34 77 52 27 60 60 2 90 82 98 19 3 58 93 66 98 2 85 36 11 92 13 7 69 9 49 97 55 66 6 77 72 78 4 12 22 17 43 93 44 93
14 59 29 58 59 20 73 71 26 88 39 70 44 16 9 41 77 85 54 98 44 81 86 68 29 65 83 29 69 90 72 23 90 30 72 54 49 44 64 35 26 96 32 23 32 36 22 13 60 72 35 31 34 73 25 65 64 92 78 60 96 28 89 68 70 3 99 68 16 96 22 99 87 50 57 80 18 84 98 39 60 76 33 35 83 6 84 96 12 20 14 28 44 26 51 70 35 67 4 41
78 21 99 77 26 98 57 31 57 84 27 46 54 53 38 69 81 63 87 1 57 47 73 40 36 7 5 89 81 70 17 68 33 70 80 1 30 24 80 28 27 75 1 67 64 63 9 40 42 21 66 94 4 91 81 52 5 46 46 1 26 37 9 58 74 71 8 50 46 31 18 23 24 2 81 23 25 90 66 82 98 27 37 46 1 38 15 15 21 94 49 87 42 24 64 5 12 54 10 37
0 71 21 35 89 12 65 99 9 66 0 93 96 15 28 48 87 68 63 13 98 10 9 51 24 3 95 70 20 95 26 71 25 97 82 58 95 15 5 70 85 19 8 51 87 57 28 26 68 69 20 54 95 55 14 41 81 19 18 80 43 65 81 39 7 10 53 0 92 77 91 49 71 16 7 9 45 8 38 92 58 18 89 88 62 86 64 93 76 59 68 2 22 14 66 74 63 30 5 80
13 17 21 74 35 17 43 61 14 36 80 74 57 11 97 78 56 6 35 30 82 91 68 69 44 81 79 12 98 21 58 34 29 66 14 74 39 6 5 75 0 88 72 97 3 33 39 16 81 92 11 58 74 69 37 29 52 45 19 40 43 98 42 84 63 49 63 48 99 17 90 80 35 82 12 50 95 42 69 51 2 54 45 28 87 51 57 82 46 95 90 74 2 28 61 24 70 2 65 79
79 9 98 70 55 96 73 64 85 21 34 99 17 6 24 35 21 1 36 98 20 79 96 28 13 13 58 3 90 42 58 83 96 26 15 58 60 52 28 7 87 60 2 14 50 26 12 53 21 24 9 85 15 86 44 54 37 99 21 46 15 14 1 2 36 61 64 42 21 12 4 64 74 22 68 58 55 30 53 8 26 89 17 33 83 48 75 65 71 5 33 25 93 57 1 94 72 46 20 58
81 72 16 48 83 3 75 68 48 1 36 37 6 43 86 57 34 28 86 75 3 53 84 52 3 55 10 61 16 47 73 26 74 41 36 25 41 40 83 64 34 83 48 20 11 89 22 21 66 69 29 73 35 25 97 79 94 64 69 52 62 87 89 68 46 64 35 33 37 44 51 48 22 62 88 4 57 70 81 89 7 98 68 55 70 55 60 27 82 42 1 48 28 17 7 77 82 14 40 99
54 68 47 22 97 64 54 55 62 14 11 64 38 47 33 47 69 6 78 44 14 82 16 10 21 34 56 71 67 12 7 39 37 61 93 74 34 65 93 89 44 18 24 57 56 18 4 51 95 62 17 53 72 73 49 20 48 2 68 14 4 63 80 46 60 27 49 58 39 55 62 44 55 79 1 43 19 54 85 22 31 52 36 21 68 44 71 99 25 62 63 92 41 0 14 69 36 72 48 87
99 48 20 52 58 87 86 81 1 11 45 68 84 89 61 93 90 42 81 78 55 45 42 47 79 52 88 1 13 98 1 1 34 12 20 71 80 53 27 49 58 44 44 57 63 84 21 98 40 21 14 87 99 72 55 89 89 62 33 12 13 54 11 90 0 36 46 94 40 99 31 16 38 28 32 14 91 91 67 31 95 76 73 98 2 24 76 47 20 96 42 54 73 92 74 89 10 50 50 73
27 84 25 23 84 85 38 5 47 20 21 94 27 28 51 38 31 22 81 55 52 47 20 74 81 39 12 97 98 86 48 62 59 3 75 41 48 25 72 93 5 47 88 68 70 54 96 53 65 17 16 42 77 68 16 29 56 83 59 55 68 57 18 56 11 97 51 47 73 48 42 93 59 41 24 22 75 56 65 53 11 93 26 34 25 29 60 27 36 36 73 68 7 0 17 58 27 90 40 51
79 56 19 11 24 4 32 9 21 91 86 19 70 44 21 22 38 97 63 17 22 31 4 88 75 83 33 94 12 80 34 82 18 6 1 37 42 81 76 51 4 82 95 60 65 49 59 45 99 86 34 9 85 5 94 89 58 22 6 25 40 15 53 13 52 60 3 86 55 94 58 15 56 90 41 25 98 16 20 10 95 84 84 51 0 72 54 42 27 84 20 6 9 53 33 92 42 78 26 78
87 96 38 31 72 32 69 24 1 49 19 48 47 28 12 36 8 50 59 1 28 10 65 83 14 44 50 12 16 16 76 73 91 37 28 15 44 19 78 64 91 91 83 85 22 64 4 84 24 25 86 8 77 34 36 57 13 32 69 26 75 78 77 95 29 17 12 60 69 91 25 70 42 31 54 69 17 85 63 27 12 8 37 59 23 50 86 93 33 67 43 76 77 57 51 35 85 22 2 28
29 48 40 77 19 16 80 63 19 9 80 24 48 73 13 26 4 15 72 37 43 40 36 0 96 32 2 20 11 64 39 28 70 82 88 93 98 76 89 14 99 48 30 63 60 27 15 97 98 38 98 90 95 64 29 88 17 6 87 39 14 41 73 7 24 62 18 32 8 58 57 53 64 70 2 48 84 80 76 47 84 96 5 98 34 4 43 34 9 98 11 57 29 17 27 15 94 17 96 64
25 84 9 51 28 46 97 14 0 40 97 79 98 3 82 33 96 90 78 76 47 45 49 25 16 18 60 34 91 23 12 62 43 99 97 51 50 0 44 19 62 53 32 1 63 4 21 11 40 11 66 15 5 35 69 48 85 99 48 21 35 94 76 61 27 15 53 8 61 86 62 60 48 65 70 73 21 77 3 62 94 63 88 82 41 74 81 72 16 0 85 45 43 82 67 24 82 38 5 22
44 63 3 63 82 64 53 74 48 82 69 60 4 15 99 39 84 84 95 87 60 44 55 49 75 68 51 10 26 19 54 57 95 24 38 30 75 97 38 96 58 9 93 33 6 81 73 9 61 48 50 42 13 46 4 87 58 52 29 36 2 53 69 88 7 79 62 65 18 83 46 38 90 15 40 75 34 86 83 29 27 27 65 74 81 42 26 2 54 59 6 47 93 40 93 69 91 60 19 70
31 59 32 59 28 94 34 20 66 83 32 22 62 57 76 16 5 76 44 6 88 85 87 30 29 54 8 32 70 98 40 33 78 44 2 20 89 57 21 82 11 79 91 9 26 94 22 61 42 22 95 89 92 12 91 82 76 71 44 67 45 86 33 24 33 3 63 74 12 84 52 80 11 83 98 98 81 67 9 20 30 9 99 27 46 51 28 56 84 1 81 99 77 54 39 5 55 31 84 56
46 24 87 36 29 44 74 51 68 15 19 84 90 13 78 59 98 73 44 39 25 9 94 16 95 78 29 26 56 28 41 32 47 13 26 78 77 4 17 17 85 46 19 23 41 73 73 73 66 45 79 67 1 14 94 62 99 98 47 98 16 83 3 60 63 41 3 14 92 73 5 15 15 98 70 61 7 50 48 89 21 56 26 83 10 52 34 62 23 44 56 77 76 86 57 86 23 10 22 98
51 49 63 21 39 97 60 22 62 15 99 55 15 19 61 26 8 90 84 50 6 39 39 57 41 82 23 22 45 17 68 0 3 34 71 85 70 91 18 64 38 81 64 35 67 49 45 85 10 8 51 58 74 81 31 8 81 60 3 35 98 47 89 58 82 47 32 14 85 65 58 11 15 93 61 82 12 4 71 77 34 55 44 99 99 45 99 45 51 30 82 35 20 26 24 78 51 54 27 16
67 91 18 73 75 89 8 38 89 30 28 8 22 53 33 45 25 90 92 56 38 7 46 1 58 11 41 64 71 49 51 58 58 9 69 85 31 14 2 86 73 72 25 46 45 50 33 77 39 28 98 23 48 2 88 51 53 66 5 47 51 33 28 9 91 8 60 10 75 76 19 53 35 54 4 69 24 52 86 53 3 40 24 62 83 22 22 90 83 1 88 94 24 52 12 99 27 52 43 18
66 42 4 65 17 36 73 64 78 53 39 76 79 9 18 31 5 92 94 73 54 6 44 48 23 55 79 75 81 85 58 71 85 59 83 88 3 98 31 26 20 27 69 5 77 66 68 85 38 49 30 52 96 42 61 57 23 23 20 69 18 24 70 39 3 52 17 68 14 19 12 97 0 2 82 50 37 73 22 46 21 18 67 42 50 2 7 28 94 31 60 85 99 68 51 36 22 24 67 11
74 38 52 86 55 4 2 22 97 64 2 18 49 53 71 88 68 51 37 39 81 92 12 10 63 71 54 32 41 55 20 47 23 57 44 30 42 89 14 85 42 71 10 52 47 0 39 35 80 34 77 92 86 91 45 19 81 28 74 62 92 70 84 34 16 25 88 51 17 78 96 8 31 38 88 90 10 5 31 5 14 24 65 28 2 40 44 24 14 70 37 13 93 45 12 21 55 50 37 64
81 53 17 80 34 49 72 30 8 19 12 30 48 84 35 26 90 94 83 57 21 27 53 60 38 19 12 23 20 87 96 29 99 96 39 82 31 79 55 11 31 62 40 1 15 9 87 20 30 80 87 0 49 17 28 63 96 41 16 21 78 80 69 24 75 90 94 38 56 29 86 19 7 69 37 56 32 87 5 98 74 39 66 1 94 60 61 90 91 11 9 53 21 57 6 20 26 8 55 52
68 99 9 47 38 15 50 37 73 38 34 86 38 75 47 66 4 22 23 8 23 16 39 12 45 11 94 60 89 62 45 76 91 48 15 7 6 85 11 93 28 80 31 40 66 99 3 34 17 23 48 73 9 88 26 98 52 13 68 75 34 16 63 29 54 33 99 43 21 13 1 83 35 1 73 76 3 11 61 81 90 47 80 92 76 99 25 87 94 18 23 77 20 58 84 98 1 16 25 72
15 86 60 41 54 53 71 90 25 34 81 25 46 37 50 25 3 36 36 35 99 16 20 67 4 44 76 73 62 68 39 82 83 16 59 59 21 3 57 5 37 31 4 33 71 83 62 98 95 89 13 9 11 73 21 88 95 64 57 30 28 76 28 87 28 85 94 56 38 77 21 37 62 32 61 94 47 50 28 9 87 36 68 45 16 61 43 34 75 93 39 31 3 54 40 45 94 57 78 46
0 43 12 18 45 75 1 17 22 2 95 86 66 97 88 35 19 93 59 88 25 0 61 65 97 57 37 77 8 34 74 10 8 72 19 23 2 54 98 56 96 6 98 45 18 32 71 53 86 32 29 17 28 89 3 38 15 81 22 31 70 46 3 5 23 72 24 1 78 15 22 77 77 59 18 82 77 19 16 28 20 91 69 66 54 39 54 41 1 71 53 82 67 23 26 79 45 98 16 48
85 68 40 94 13 19 70 53 25 50 77 68 99 83 51 64 33 63 63 16 99 66 62 64 34 45 25 55 32 95 51 34 93 89 37 1 17 39 20 23 2 23 45 64 70 30 89 54 40 23 79 57 90 87 67 19 57 22 98 55 80 37 99 66 65 21 81 38 96 84 86 49 27 85 99 88 49 15 72 33 11 53 79 93 12 57 1 89 43 48 56 82 29 28 28 81 57 80 86 57
96 34 93 81 63 82 98 86 99 46 96 36 39 49 35 2 36 15 45 28 22 43 89 94 98 70 89 60 13 61 63 86 27 16 60 50 84 47 20 55 23 49 27 93 32 40 17 57 43 3 26 76 82 55 1 77 52 94 88 79 66 7 93 57 58 51 93 43 32 8 83 33 83 35 18 11 94 68 70 24 0 50 68 21 93 77 43 10 23 29 88 4 58 79 6 49 90 58 90 88
20 76 34 72 78 90 74 91 85 0 19 96 4 9 71 51 0 50 56 34 48 57 92 99 80 84 77 74 53 96 35 90 87 0 2 93 32 12 92 11 99 84 46 92 68 87 62 84 56 50 83 69 80 26 22 0 32 80 29 41 62 10 30 40 44 55 52 52 56 16 89 50 92 21 27 48 85 60 28 22 70 67 12 52 58 5 5 65 42 86 96 63 66 11 29 47 61 66 87 73
27 25 48 8 47 52 4 12 27 39 31 99 15 25 94 80 36 3 3 97 30 60 15 93 87 48 6 2 40 97 44 23 55 92 54 75 20 28 67 59 16 27 9 19 88 56 47 45 11 2 3 77 12 40 86 89 11 77 2 14 4 46 93 73 0 88 10 17 45 14 95 44 15 42 21 40 50 23 27 57 33 64 77 73 77 97 84 79 86 79 15 61 94 13 5 58 42 71 49 27
39 38 10 88 51 9 95 56 9 54 63 21 83 59 6 27 26 58 49 83 14 19 40 89 72 20 5 59 40 73 12 80 71 67 39 88 23 43 16 34 36 90 66 75 51 92 89 82 96 79 12 48 27 44 48 45 83 64 27 82 23 68 28 6 53 91 93 40 33 17 17 16 64 28 42 17 61 73 63 50 97 54 50 49 25 1 43 59 62 55 61 53 68 44 16 72 90 20 74 12
52 78 46 52 90 51 82 84 21 50 80 50 97 4 60 29 35 98 15 2 46 41 75 89 86 31 79 20 9 8 34 80 91 12 30 77 20 82 17 44 99 62 98 86 51 9 10 29 89 62 71 55 46 82 51 95 85 52 9 73 44 28 58 10 6 91 87 34 29 51 71 76 95 29 21 66 7 76 50 71 37 34 26 14 55 9 92 80 33 58 59 35 32 77 14 98 84 95 87 11
82 45 20 22 59 97 88 58 47 12 71 55 83 64 34 14 94 65 41 14 75 10 35 23 75 1 43 89 84 28 93 24 79 96 42 26 87 67 36 65 50 21 15 28 20 24 41 69 99 37 9 13 64 19 38 28 45 5 40 88 35 48 14 85 57 6 68 64 41 34 12 19 43 49 35 9 0 41 51 35 6 81 64 36 13 69 46 68 64 95 15 54 88 26 77 27 90 21 40 7
25 28 28 95 38 97 72 27 25 33 36 44 42 46 69 10 7 76 25 22 96 70 46 84 56 26 18 74 90 12 11 34 66 37 0 76 68 68 86 4 78 47 16 54 76 25 3 33 15 62 56 41 96 75 12 12 73 48 10 86 9 41 43 91 76 15 24 80 17 51 28 87 88 81 22 55 47 20 36 89 79 25 32 39 79 7 57 64 88 64 19 31 68 70 29 7 26 9 61 5
80 32 58 32 19 89 38 27 24 46 74 6 37 38 54 30 11 78 38 95 51 88 46 31 57 75 5 32 52 33 30 6 56 26 93 92 69 56 23 12 87 29 44 63 47 99 33 16 98 21 5 21 43 65 79 52 81 92 79 9 17 94 0 23 32 67 6 91 72 6 5 19 43 23 40 90 51 50 25 48 5 48 75 63 87 97 1 21 78 60 72 77 12 40 15 20 62 84 22 18
31 42 49 84 84 14 63 22 99 84 75 4 23 54 33 28 32 71 45 20 5 89 85 28 85 95 6 49 81 36 92 94 22 79 49 0 97 82 3 23 83 52 69 74 72 79 86 6 37 61 58 26 80 38 23 23 12 13 1 56 36 46 51 17 12 65 79 75 70 83 39 52 75 60 30 16 44 5 6 15 66 75 55 78 97 95 67 93 34 7 39 40 63 21 48 37 96 20 3 76
88 51 35 14 11 32 91 14 2 16 68 58 88 49 34 14 9 82 49 57 77 57 38 93 56 46 20 16 50 35 97 14 61 16 15 91 75 44 93 0 70 3 14 32 10 19 20 72 35 39 97 89 51 31 41 30 12 19 47 64 19 69 82 13 47 0 45 63 43 10 32 52 37 11 76 65 77 91 22 22 47 77 85 39 29 43 17 69 48 20 11 50 0 13 51 41 52 33 24 61
