24403 20220 16527 19158 26030 30360 30343 32577 18966 27258
25391 16543 14406 19713 22237 23119 26650 30333 13896 23201
24460 17730 18555 17260 24816 24629 22543 30861 19347 24425
29253 23279 24567 21201 34009 39329 33209 43313 23544 33082
24928 17553 11321 15352 21176 16564 22538 24612 13225 23029
31063 24108 20520 24321 26627 28019 34721 30888 19165 24971
19310 10522 15313 11939 22820 18223 17767 23793 18549 22082
21541 18303 11364 15118 24530 23440 23268 26699 14821 26143
21249 19941 14719 15554 17609 23445 28782 23529 13740 18924
27377 22902 13410 14286 29326 26598 28262 33098 13526 30687
